.Random.seed <-
c(403L, 11L, 1138843700L, 1085397431L, -296579667L, 1459455684L, 
488565482L, 1663765845L, -2114174225L, 1985274102L, -1233797088L, 
-1800666653L, 1878311553L, -563647248L, 5284750L, -1500422919L, 
1130374795L, -1706191174L, -2068637252L, -1449653505L, 1693773397L, 
-628950676L, -966284862L, -1268628963L, -573580649L, -1683393538L, 
2042843064L, -1687362661L, 1392093689L, 441088328L, -41040778L, 
-900296271L, -1039581213L, 39804082L, 879948036L, 1639332423L, 
-1390084835L, -1968059500L, -848511174L, -1372757115L, 1851824223L, 
32041702L, 1340035440L, 1200929427L, 87532337L, 1117225440L, 
-1609124226L, -1717109495L, 1122062139L, -344062198L, -1325058324L, 
-1027005585L, -482372443L, -48167332L, 360205874L, -1823822547L, 
2141625319L, -1294509298L, 925310184L, 1431107307L, 1139234697L, 
-1245437160L, 1783199302L, 1096214177L, 906815795L, 459507874L, 
1966966676L, 1811015191L, -2035215859L, -403822812L, 1867768586L, 
-1346834827L, 1265225167L, -1972767018L, 582318720L, 2072290499L, 
422298209L, -2109089072L, -1264010194L, 756240857L, -2013131285L, 
-1420539814L, 1719388700L, -1170511073L, -463937675L, 1890190860L, 
-353902622L, 1146283197L, 309568311L, 414272478L, -269874920L, 
-1536115589L, -782278119L, -1729592664L, 61532246L, -1895668527L, 
693674115L, 862761746L, -756898140L, -1491889561L, -876360771L, 
-1308105420L, 921968282L, -1554649883L, 196202111L, 780376070L, 
-1489609840L, -1424939469L, -1306741295L, 227985280L, -1833788834L, 
-44629591L, 679538779L, 1310140522L, -1505949428L, -335592625L, 
1627267077L, -887062852L, 320886674L, 1674462349L, -1470225721L, 
985469870L, -1552019960L, -1233018357L, 1053405929L, 1369521592L, 
668875366L, 1494976257L, -955190893L, -1840461246L, 934288884L, 
1664804855L, 862149613L, 514700420L, 1265494698L, 1417347093L, 
-445372241L, 123381430L, -1986317088L, 1195563043L, -1904081087L, 
-1412928976L, 1583413326L, 1902340281L, 282959051L, 1401004410L, 
-1039934340L, -277292865L, -1153585771L, -395973204L, -988108926L, 
-1898861219L, -679287721L, -1946631362L, 2113547128L, 509429851L, 
-905588807L, 659312136L, -2053677898L, -242136079L, 542766627L, 
-439245198L, 203488452L, 1043561095L, -1300729251L, 364901460L, 
-1904714118L, -276488763L, 126050079L, -918025562L, -1912886224L, 
1913540307L, -1085772559L, 2085382176L, -729346370L, -443372855L, 
-2143330181L, -905486774L, 1197656748L, 1779793327L, -578613915L, 
1698945820L, 1927544690L, 1206834157L, -303557593L, 423677006L, 
-217321304L, 1413750443L, 156613577L, -1692690472L, -1226932602L, 
1984989025L, 677362419L, 101573986L, -1906756652L, 673265367L, 
732052685L, -949560220L, -1398574518L, 1984665525L, 1135815439L, 
-1609017322L, 1919197888L, 1720841347L, 699932833L, 134678160L, 
653792622L, 1903067929L, -478738517L, -225417830L, 1500397916L, 
1722194015L, 1734752309L, 1243003852L, 1762340642L, 1629991293L, 
182712951L, 837706654L, 510538328L, 1261632443L, -1325609639L, 
-1333164312L, -65718506L, 33953937L, 907359555L, 1037660242L, 
1698231012L, -651713241L, 1840405885L, 1677716804L, -1968399400L, 
-154910598L, -1460079056L, 1710125756L, -1835014316L, -1951608254L, 
-975834208L, -948260676L, 1326819792L, 284538210L, 944331752L, 
249036748L, 567269116L, 629448690L, 1061784704L, -519366412L, 
1025578120L, 1329268026L, 1281975120L, -358757268L, 1278324884L, 
-2029594286L, 1766835936L, 811966668L, 640610464L, 1862660482L, 
-816918296L, -503930644L, 618348604L, -551837582L, -2101163920L, 
1192368676L, -2095947208L, -1799220710L, 1420736720L, -1409370564L, 
1632195732L, 1375478914L, -99143744L, 150992188L, -1621399920L, 
2132966434L, -445274104L, -993348468L, 870901788L, 1227474066L, 
405724288L, -527172588L, 1388753704L, -724906950L, 2042543312L, 
850742380L, 1088796340L, 1218158610L, 1071030240L, 227349452L, 
-1605192224L, 795925538L, 533796136L, 522699020L, -132129220L, 
111875314L, -1103021840L, 621455172L, -614039464L, -809125318L, 
1506470128L, 1332949692L, 1339924L, 1326828738L, 1996932704L, 
174445948L, -1702581040L, 268508194L, 966854824L, -1041121908L, 
-890869316L, -776964046L, 736205632L, 2013570740L, 839209288L, 
-1134132550L, -1692330224L, -293263124L, -1652303788L, 1425616658L, 
-1819483744L, -1905782836L, 187971424L, -2071579454L, 1588502056L, 
1049266604L, 803795772L, 1410454386L, -1463675088L, -1309702108L, 
1433509432L, -414698790L, 1781049232L, 272428284L, 1338119572L, 
1531679554L, -1677792768L, -1086470084L, 1500080720L, -1324302174L, 
-1661103288L, -1139228148L, 2036945628L, 2058258514L, -1270346624L, 
-1243549868L, 558637032L, 604560122L, 1840004944L, 1573393452L, 
-2048257676L, -1411197294L, -390505888L, -664479604L, 678390112L, 
1027868898L, -867040088L, 1793220300L, -818935300L, -527174734L, 
107027440L, 2046757316L, -138687144L, 488356218L, -79488592L, 
450593212L, -1863684524L, -967312958L, -655611104L, -2061075524L, 
-2118758320L, -368794654L, 1209124712L, 186449740L, -272273668L, 
739577586L, -456397568L, -1390549900L, 1248013832L, -413753926L, 
1377543632L, -1399697428L, 151301012L, -127758126L, 601717856L, 
1201296716L, -1531688160L, -276465022L, -121314840L, -1862671380L, 
542717500L, 2042191474L, 890958704L, 642264356L, -1119634888L, 
-1291906662L, -51100208L, -1066572356L, 541214356L, 2022113922L, 
480007616L, -114667716L, -56585584L, -282261726L, -692005368L, 
-788724980L, 1790647196L, -416046062L, 2090103680L, 1691265812L, 
-1062906584L, -10096582L, -1753295920L, 1049827948L, -1983800268L, 
-1075242862L, -981917344L, -1154151092L, -2039132704L, 405533602L, 
1982548904L, -306377588L, -2110856260L, 749853810L, -342296592L, 
-1952492476L, -342181800L, 1369522234L, 24440944L, -206432708L, 
-935438572L, 1830496962L, 1602040544L, 1179774076L, -302850864L, 
1724705698L, -1999172056L, 178813196L, -1775241284L, -940570318L, 
31826112L, 60432948L, -578172216L, 634411706L, -1031592816L, 
751245036L, -982991276L, 1036600978L, -44878048L, 1573677004L, 
-1362018080L, -1280393534L, 1694581800L, -959231060L, -116393284L, 
1764559346L, -216050128L, 32188324L, 345575864L, 898331482L, 
-1044402784L, -679837954L, 470982091L, -354268211L, -169197830L, 
-162761416L, 484695777L, -1789578861L, 1566120372L, 1555991234L, 
-635831593L, 1988766497L, -405026074L, 1437461476L, -799995115L, 
1936511807L, 1200289496L, 1156051702L, -1840558845L, 2113988165L, 
1287904866L, 1296512464L, 1811890937L, 898035755L, -757514340L, 
57487306L, -552531777L, -368772599L, 1938608926L, 1697012428L, 
1257231005L, -1128874201L, -1162653360L, -1165762578L, 1944338587L, 
465971965L, 1252020714L, 936508040L, -809350095L, -767394141L, 
-484411740L, -2006100142L, -1367048537L, -1606925583L, 42912310L, 
1988691668L, -411751835L, 760293487L, 843909800L, 1883920390L, 
1882576179L, 1702353301L, -955095566L, 205666880L, -522497111L, 
444075547L, -928380948L, -1026215942L, -704916433L, 1180771385L, 
-1282845106L, -172890468L, -1717511155L, -2009046921L, -719607680L, 
-1408536866L, 1885849003L, 727160493L, -744592614L, 258266072L, 
-1591111615L, 649641715L, -1990958828L, -216451934L, -1519685193L, 
1410561409L, 2106278790L, -742846012L, 1806784757L, 821279071L, 
-632032328L, 575608470L, 2106712227L, -831042971L, 1641111426L, 
-73222928L, -367145831L, -1740479349L, 1630432636L, 453614506L, 
1383930847L, 1515770217L, -318308994L, 29089132L, -1923136067L, 
-957757817L, 747831920L, 1743186190L, 1439610427L, 1743594781L, 
-664539190L, 75856104L, -1803625519L, -159982141L, 1050277572L, 
1256471922L, 77983815L, -1350519791L, 1484879254L, 145721588L, 
-1394703739L, -1955599409L, 770335432L, 140960614L, -1613948525L, 
1823494901L, -2042983726L, -2126891744L, 1647525129L, -1974711749L, 
1090641804L, 175996442L, -1351924081L, -1174765095L, -4163986L, 
-815270404L, 1138462573L, 979302679L, -1067264800L, -1417569602L, 
-318367605L, -206600435L, -1953200326L, -320635016L, 1158853921L, 
-627923501L, 664995060L, -234406526L, 645302295L, 1076375265L, 
-1563379674L, -1446937308L, -285186603L, -1362712193L, 160176152L, 
590882614L, 2026021315L, 423374853L, 850998178L, 479928208L, 
